1    443
1    472
1    778
1    887
1    214
1    672
2    598
2    492
2    470
3    463
3    153
3    683
4    309
4    907
4    452
5    251
5    101
5    699
5    372
5    189
5    124
6    40
6    866
6    319
7    60
7    170
7    710
7    168
8    960
8    629
8    302
8    260
8    372
8    276
8    815
8    595
8    610
8    34
8    189
9    711
9    289
9    489
9    718
9    764
10    94
10    221
10    682
11    802
11    563
11    435
12    235
12    152
12    95
13    497
13    868
13    76
13    822
14    262
14    406
14    784
14    974
14    819
14    543
14    227
14    377
15    842
15    684
15    221
16    925
16    75
16    219
17    305
17    801
17    885
17    841
18    120
18    460
18    215
18    148
18    256
18    632
18    648
19    832
19    466
19    534
19    321
19    160
19    679
19    263
19    156
20    191
20    470
20    752
21    387
21    235
21    128
21    526
21    200
22    621
22    104
22    678
22    523
22    736
22    278
22    203
22    481
22    136
22    72
22    464
22    559
23    180
23    699
23    911
24    605
24    653
24    493
25    553
25    48
25    102
25    754
26    492
26    610
26    897
26    502
26    451
26    282
26    291
26    262
26    215
26    352
27    254
27    702
27    697
28    894
28    144
28    277
28    548
28    402
28    880
28    551
28    448
29    156
29    894
29    617
29    220
30    160
30    80
30    645
31    280
31    638
31    144
31    361
31    798
32    571
32    285
32    712
32    859
32    535
33    587
33    704
33    147
33    340
34    80
34    279
34    626
34    665
34    919
34    537
35    530
35    592
35    144
36    938
36    412
36    177
36    486
37    759
37    535
37    227
37    820
38    372
38    145
38    622
39    633
39    192
39    925
39    55
40    485
40    240
40    774
40    584
40    85
40    124
40    46
40    463
40    657
40    850
40    127
40    363
41    352
41    590
41    986
42    559
42    523
42    952
42    219
42    850
42    115
42    132
43    61
43    55
43    960
43    578
44    791
44    391
44    422
44    58
45    85
45    569
45    384
46    540
46    233
46    213
46    558
46    539
46    256
46    765
46    519
46    796
46    465
46    473
46    365
46    464
46    146
46    541
46    607
46    552
46    514
46    923
46    153
46    635
46    378
46    57
46    431
46    695
46    364
46    650
46    502
47    541
47    313
47    280
48    750
48    153
49    125
49    75
49    424
50    997
50    182
50    219
50    608
50    633
50    169
50    682
50    610
50    142
51    459
51    282
51    120
51    303
52    786
52    499
52    277
52    908
52    489
53    131
53    569
53    742
54    78
54    701
54    652
55    783
55    935
55    455
55    342
55    142
55    376
55    99
55    508
55    431
55    831
55    460
56    355
56    93
56    510
56    722
57    646
57    104
57    692
57    954
57    924
57    393
57    907
57    877
57    750
57    127
57    448
57    372
57    240
57    903
57    391
58    308
58    79
58    990
59    327
59    596
59    882
59    965
59    928
60    771
60    690
61    908
61    280
61    492
62    768
62    124
62    694
62    271
63    993
63    720
63    476
63    222
63    435
63    483
63    656
64    277
64    99
64    984
64    367
65    954
65    320
65    915
65    981
65    147
65    212
65    190
65    216
65    253
65    933
65    261
65    280
65    874
65    225
65    611
65    105
66    663
66    551
66    523
66    869
67    689
67    550
67    207
68    802
68    424
68    204
69    294
69    216
69    844
69    558
70    800
70    656
70    746
71    880
71    669
71    381
72    413
72    567
73    110
73    178
73    955
73    909
73    564
73    291
74    130
74    926
74    903
74    595
75    610
75    308
75    988
75    547
75    946
75    682
75    815
75    391
75    739
75    990
75    401
75    549
75    880
75    903
76    375
76    429
76    971
76    802
76    985
77    122
77    984
77    755
78    382
78    153
79    349
79    937
79    347
80    449
81    865
81    451
81    426
82    642
82    383
82    545
83    738
83    628
83    401
84    181
84    752
84    539
85    337
85    427
85    136
85    823
85    422
85    855
85    582
85    720
85    221
85    707
85    495
85    436
85    214
85    213
86    391
86    283
86    319
86    715
86    154
86    265
86    828
86    346
87    160
87    593
87    275
87    290
88    701
88    867
88    715
88    749
88    268
88    286
88    707
88    610
89    139
89    518
89    603
90    133
90    888
90    561
91    448
91    960
91    911
92    226
92    803
92    156
93    960
93    329
93    670
93    401
93    797
93    729
94    144
94    712
94    103
94    292
94    239
94    610
94    387
94    458
94    683
95    684
95    867
95    503
95    822
96    282
96    521
96    227
97    639
97    507
97    694
98    378
98    639
98    974
98    764
99    810
99    642
99    226
99    784
99    127
99    801
99    990
99    797
99    499
99    671
99    919
99    966
99    320
99    513
99    142
100    818
100    431
100    297
101    786
101    255
101    635
101    844
101    915
101    903
102    919
102    944
102    946
102    776
103    623
103    764
104    531
104    672
104    425
104    366
104    990
104    215
104    938
104    127
104    682
104    622
105    636
105    437
106    117
106    812
106    416
107    686
107    558
107    548
108    216
108    511
108    722
108    530
108    782
109    110
109    226
109    164
110    141
110    492
110    536
110    292
110    377
110    921
110    633
110    575
110    437
111    227
111    372
111    215
111    981
112    883
112    564
112    931
113    926
113    635
113    491
114    154
114    871
114    657
115    349
115    246
116    562
116    484
116    425
117    338
117    479
117    129
117    563
118    610
118    562
118    721
119    503
119    936
119    404
120    836
120    508
120    136
120    240
120    915
120    312
120    753
120    146
120    213
120    980
121    922
121    231
121    660
121    428
122    788
122    217
122    849
123    742
123    889
123    917
124    196
124    548
124    293
124    984
124    561
124    747
124    560
124    156
125    314
125    436
125    644
125    435
125    495
125    750
125    156
126    422
126    953
126    299
127    960
127    153
127    610
127    206
127    427
127    659
127    492
127    350
127    575
127    280
127    779
128    252
128    503
128    363
128    988
129    633
129    254
130    896
130    937
130    173
130    460
130    449
130    448
130    145
130    574
130    944
130    999
130    541
130    400
130    551
131    864
131    862
132    460
132    521
133    348
133    144
133    276
133    626
133    375
133    990
133    221
134    378
134    635
134    650
134    394
135    268
135    650
135    425
135    817
136    316
136    588
136    976
136    378
136    496
136    180
136    438
136    764
136    841
136    808
136    731
136    833
136    984
136    992
136    290
136    782
136    160
136    937
136    657
137    969
137    285
137    250
137    509
137    461
138    374
138    703
138    441
138    409
139    801
139    748
139    478
139    687
140    202
140    365
140    698
140    992
140    311
140    259
141    306
141    147
142    536
142    960
142    815
142    793
142    635
142    642
142    213
142    998
143    672
143    624
143    687
143    664
143    938
143    820
144    635
144    391
144    475
144    585
144    558
144    953
144    506
144    372
145    882
145    470
145    446
145    919
145    319
146    592
147    866
147    894
147    408
147    522
147    476
148    751
148    836
149    173
149    991
149    797
149    372
149    219
150    633
150    356
150    174
150    387
150    955
151    898
151    617
151    969
151    626
151    582
152    671
152    981
152    329
153    534
153    905
153    453
153    249
153    750
154    374
155    764
155    921
155    895
156    689
156    957
156    764
156    489
156    448
156    157
156    530
156    240
156    261
156    183
156    680
156    770
156    219
156    231
156    833
156    657
156    362
156    539
156    269
156    177
156    742
156    688
156    878
157    412
157    657
157    626
158    478
158    979
158    935
159    449
159    532
159    801
160    636
160    451
160    882
160    951
161    797
161    880
161    391
161    852
161    555
161    207
162    822
162    968
162    641
163    204
163    555
163    708
163    635
163    866
164    271
164    541
164    902
164    245
164    328
165    500
165    602
165    689
165    631
166    452
166    983
166    918
166    492
167    229
167    938
167    424
168    385
168    758
168    639
168    448
168    830
168    923
168    754
168    790
168    864
169    387
169    901
169    488
170    597
170    800
170    540
171    658
171    924
171    959
172    568
172    819
172    723
172    659
173    233
173    702
173    918
174    595
174    453
175    536
175    425
175    431
175    508
175    893
176    372
176    325
176    371
176    494
177    712
177    252
177    677
177    425
177    517
177    913
177    469
177    909
177    401
177    554
178    382
178    734
178    407
178    446
178    203
179    214
179    760
179    862
180    628
180    292
180    842
180    532
180    785
180    655
181    803
181    182
181    189
181    614
182    621
182    547
182    510
182    668
182    201
182    687
183    754
183    880
183    321
183    641
183    502
183    548
184    613
184    289
184    769
184    719
184    831
184    269
184    453
184    926
184    867
184    893
185    843
185    701
185    404
186    278
186    490
186    771
187    795
187    315
187    608
188    912
188    517
188    870
189    617
190    632
190    864
190    694
190    754
190    407
191    983
191    782
192    786
192    745
192    911
192    258
193    832
193    253
193    796
194    455
194    862
194    711
195    893
195    666
195    595
195    838
195    549
195    357
196    682
196    636
196    614
196    635
196    580
197    526
197    651
197    631
197    443
197    584
198    227
198    387
198    546
199    448
199    408
199    801
200    218
200    454
201    687
201    554
201    892
202    947
202    497
203    708
204    613
204    701
204    850
205    558
205    797
205    413
206    244
206    467
207    750
207    617
207    890
207    731
207    511
207    777
207    281
207    932
207    656
207    472
208    868
208    948
208    984
208    539
209    241
209    448
209    304
210    712
210    833
210    927
210    986
211    655
211    917
211    957
212    625
212    835
213    484
213    939
213    784
213    379
213    449
214    987
214    703
214    981
214    418
214    468
215    324
215    436
215    862
215    617
215    279
215    887
215    322
215    867
215    273
215    302
215    639
215    915
215    847
215    831
215    924
215    914
215    566
215    621
215    961
215    254
217    733
217    577
218    445
218    969
219    327
219    616
219    828
219    418
219    738
219    613
219    372
219    750
219    687
219    239
219    266
219    905
220    692
220    664
221    940
221    666
221    703
221    586
222    986
222    725
222    833
222    335
222    873
222    844
223    262
223    317
223    842
224    359
224    667
224    566
225    316
225    516
225    938
226    445
226    683
226    690
227    510
227    556
227    315
227    846
227    397
228    343
228    644
228    738
229    417
229    595
230    588
230    726
230    784
231    347
231    470
232    475
232    693
232    616
232    735
232    764
233    368
234    254
234    252
234    327
235    487
235    485
235    345
236    682
236    942
236    665
237    987
237    626
237    976
238    533
238    635
238    903
239    394
239    699
240    975
240    876
240    786
240    626
240    344
241    617
241    709
242    523
242    660
242    615
242    338
243    857
243    812
243    511
243    252
244    536
244    319
245    251
245    983
246    851
246    387
247    420
247    312
247    560
248    662
248    283
248    957
249    683
249    955
249    458
250    803
250    768
251    330
252    771
252    394
252    448
252    762
252    833
252    495
252    633
252    556
252    990
252    794
252    973
252    791
252    954
252    548
252    769
252    332
252    714
252    740
253    875
253    286
254    542
254    866
254    578
254    910
255    798
255    934
255    520
256    612
257    526
257    937
257    915
258    472
258    858
258    312
258    339
259    568
259    408
259    708
260    323
260    687
261    714
263    670
263    270
263    801
264    321
264    953
264    508
265    333
265    427
266    291
266    391
267    282
267    688
267    790
267    601
268    938
268    941
269    366
269    802
269    919
269    675
269    516
269    958
269    635
269    602
270    472
270    680
271    801
272    563
272    691
272    460
273    974
273    915
273    472
274    637
274    660
274    756
274    492
274    329
275    689
275    391
276    332
276    801
277    877
277    637
278    595
279    980
279    952
279    657
279    648
279    752
279    547
279    643
279    467
280    757
280    802
280    918
280    775
280    654
280    915
281    945
281    425
282    632
282    346
282    406
283    700
283    488
283    603
284    646
284    747
284    773
285    559
285    986
285    635
285    839
285    548
286    420
287    803
287    684
287    971
287    657
287    793
288    909
288    635
288    572
289    672
289    412
289    957
289    938
289    852
290    674
291    363
292    709
293    970
293    572
293    598
294    328
294    932
295    677
295    905
295    866
296    822
296    720
296    569
296    498
296    813
297    323
297    422
297    959
298    486
298    591
298    696
299    507
299    684
299    687
300    451
300    476
300    924
300    896
300    585
301    498
301    950
301    986
302    915
302    934
302    541
302    898
302    884
303    391
303    573
303    526
303    941
303    900
304    693
304    554
304    317
304    519
304    736
304    911
305    902
305    805
305    537
306    419
306    449
306    797
306    412
306    528
306    713
307    982
307    693
307    364
307    790
308    986
309    524
309    590
310    747
310    525
310    425
310    579
310    565
310    912
310    694
311    943
311    487
312    875
312    801
312    448
312    412
312    787
312    561
313    569
313    334
313    347
314    540
314    706
315    604
315    960
315    325
315    990
315    569
316    531
317    872
318    338
318    477
318    421
318    933
319    665
319    391
319    504
320    546
321    767
321    704
321    610
321    635
321    477
321    601
321    833
321    425
321    570
321    574
321    847
321    607
322    981
322    979
322    804
323    330
323    393
323    440
323    767
323    957
323    597
323    834
323    624
323    508
324    883
324    550
325    566
325    611
325    353
325    576
326    801
326    523
326    924
326    955
327    919
327    563
327    673
327    516
327    545
327    915
327    938
328    657
328    933
328    389
328    919
328    872
328    646
328    529
328    926
328    378
328    834
328    477
328    548
328    524
329    706
329    626
329    494
329    975
329    915
330    913
330    870
330    939
330    860
330    999
330    957
331    527
331    794
331    729
331    369
332    651
333    814
333    688
334    930
334    391
334    567
334    505
334    882
334    746
335    995
335    926
336    425
336    499
336    915
337    755
337    937
337    882
338    901
339    911
339    598
340    528
340    573
341    726
341    342
341    462
342    586
343    706
343    652
344    799
344    494
345    952
345    892
346    722
347    558
347    731
348    769
348    788
349    698
349    926
350    469
350    633
350    748
350    617
350    505
351    610
351    886
351    959
351    632
352    539
352    905
353    546
353    433
354    577
354    622
354    458
355    670
355    432
356    938
356    702
356    733
356    781
356    457
357    777
357    816
357    472
358    822
358    874
358    687
359    885
359    606
359    867
359    762
359    471
359    823
360    525
360    675
360    655
361    730
361    375
361    648
362    979
362    790
362    425
364    418
364    424
364    913
364    550
365    991
365    603
365    556
365    437
366    518
366    849
366    414
366    831
366    756
366    376
366    976
366    715
366    805
367    700
367    960
367    500
368    730
368    981
369    689
369    584
369    785
369    914
370    492
370    957
370    668
371    579
371    485
371    854
371    450
371    962
371    802
371    897
371    938
371    790
372    412
372    569
372    686
372    788
372    763
372    657
372    840
372    828
372    541
372    402
372    764
372    842
372    913
372    912
372    395
373    449
373    492
373    986
374    930
374    395
374    742
374    397
374    957
376    936
376    566
376    630
377    464
378    448
378    903
378    994
378    784
378    398
378    541
378    400
378    986
378    676
379    476
379    695
379    885
380    861
380    471
380    628
381    450
381    937
382    693
383    911
383    702
384    649
384    415
384    941
385    565
385    390
386    418
386    700
386    448
386    600
386    956
386    941
387    792
387    522
387    729
387    392
387    938
387    580
387    864
388    598
388    821
388    951
388    411
389    658
389    588
390    933
390    871
391    865
391    948
391    792
391    511
391    551
391    911
391    915
391    746
391    955
391    941
391    683
391    562
391    788
391    875
391    970
391    828
391    905
391    555
391    693
392    927
392    669
392    926
392    991
393    511
394    989
395    558
395    713
395    914
396    480
396    727
396    675
396    789
397    405
397    961
398    819
398    910
398    754
398    911
399    936
399    537
399    441
400    625
402    914
402    855
402    979
402    517
402    932
402    825
403    558
403    960
403    570
404    461
404    683
404    410
404    504
404    758
404    923
405    545
405    680
406    784
406    675
407    927
407    566
408    913
409    986
409    875
410    608
410    733
410    465
410    729
411    610
411    916
411    456
412    959
412    851
412    492
413    872
414    927
414    432
415    423
415    575
416    916
416    448
416    693
417    565
417    542
418    1000
418    475
418    750
418    636
418    995
419    525
419    693
420    460
420    838
420    518
421    639
421    988
421    595
422    818
422    518
423    633
423    470
424    807
424    719
424    481
424    856
424    926
425    851
425    826
425    753
425    795
425    979
425    492
426    602
426    816
427    490
427    737
427    526
428    953
428    548
428    523
429    802
429    450
430    760
430    516
430    700
432    442
432    741
432    633
433    551
433    821
434    806
434    550
434    889
434    585
434    907
434    984
434    472
434    659
435    831
435    501
435    789
435    565
435    630
435    797
435    540
435    915
436    823
436    786
436    692
436    448
437    548
438    986
438    658
438    615
439    750
439    569
439    755
440    538
440    881
440    799
440    963
440    690
441    589
442    607
442    448
443    963
443    607
444    845
444    710
444    694
445    997
446    593
447    752
447    559
447    880
448    474
448    882
448    826
448    711
448    689
448    764
448    551
448    556
448    627
448    483
448    522
449    625
449    822
449    630
449    683
450    630
452    742
452    824
452    715
452    674
452    895
454    711
454    675
455    756
456    514
456    630
456    635
456    754
457    827
457    981
457    526
459    607
459    689
460    569
460    601
460    948
460    853
460    600
461    486
461    561
462    592
462    741
462    929
462    657
463    840
464    692
464    468
464    545
464    937
465    759
465    664
466    905
466    983
467    592
467    869
467    884
467    990
468    851
469    784
470    943
470    919
470    718
470    869
470    761
471    607
471    727
472    790
472    927
472    835
472    624
472    529
472    658
473    682
473    758
473    906
474    957
474    845
474    830
475    752
476    638
476    635
476    640
476    856
478    748
479    563
479    506
479    953
479    745
480    635
480    974
480    810
480    984
481    809
482    828
482    905
482    736
482    559
483    932
483    806
484    565
485    497
485    694
485    955
485    802
487    546
487    540
487    635
488    823
490    831
491    647
491    814
491    721
492    566
492    526
492    766
492    750
492    910
492    743
492    663
492    546
492    823
492    497
492    905
492    760
492    758
493    920
493    680
495    729
496    974
496    630
496    499
496    662
496    939
496    618
497    841
498    770
499    905
500    569
500    931
501    619
501    582
501    893
503    871
503    727
504    939
505    987
505    867
505    684
505    670
506    589
507    962
508    784
508    893
508    978
508    703
509    764
509    606
510    984
511    967
512    557
512    728
512    786
513    960
513    833
514    534
515    986
515    652
515    735
516    576
516    634
517    902
518    546
518    618
518    669
519    657
520    633
520    703
521    545
521    655
521    841
521    526
521    879
521    616
523    578
523    643
523    896
523    746
524    835
524    822
525    926
525    732
526    785
526    894
527    693
527    919
528    811
529    856
530    926
531    698
532    960
533    682
533    548
535    950
536    911
536    707
537    805
537    601
538    772
538    600
538    875
539    558
539    660
539    804
539    715
539    822
540    988
540    605
540    986
540    980
541    981
541    966
541    769
541    794
542    931
542    938
542    993
543    925
543    905
543    746
543    604
543    909
543    885
543    953
544    914
544    833
544    740
545    860
545    604
547    925
547    940
547    968
547    834
547    614
548    661
548    941
548    770
548    909
548    713
548    962
549    744
550    871
550    753
550    986
550    868
551    885
552    670
552    721
553    686
553    884
555    937
555    986
556    596
556    823
557    994
557    911
558    715
558    859
558    864
558    831
559    635
559    992
559    977
559    617
560    805
563    924
563    845
563    657
563    755
563    732
564    784
564    801
565    896
565    615
565    764
565    621
566    722
567    742
568    671
569    908
569    642
570    960
570    667
571    780
571    896
572    986
573    879
573    676
573    742
574    926
575    913
575    937
576    685
576    683
576    648
576    869
577    772
578    870
578    752
578    926
579    850
580    614
580    634
580    923
581    665
581    954
581    900
583    669
583    814
583    979
585    680
586    941
587    657
587    642
587    963
588    838
589    591
589    795
590    909
590    772
591    895
591    751
592    658
592    822
592    977
592    800
592    936
593    635
593    723
593    667
594    982
594    971
594    755
595    829
595    929
595    849
595    682
595    932
595    801
595    724
596    863
596    905
597    626
597    723
598    796
598    753
598    682
599    897
599    861
599    678
600    758
600    921
601    656
603    630
603    938
605    962
606    937
607    622
607    866
607    689
609    914
609    647
609    802
610    930
610    750
610    862
611    960
612    978
612    835
612    822
612    749
614    863
618    839
618    978
618    749
619    996
619    647
619    710
619    829
619    632
619    916
620    677
620    831
620    767
620    778
623    764
623    831
626    891
626    945
626    860
626    801
626    756
627    630
627    935
628    993
629    633
629    840
630    981
630    970
631    854
632    769
632    915
632    657
632    846
632    832
632    687
632    965
633    822
633    997
633    649
633    774
633    790
634    687
635    997
635    969
635    906
635    694
635    823
635    929
636    659
636    906
636    817
636    757
636    682
637    953
638    722
639    973
639    843
639    735
640    911
640    769
640    693
641    990
642    689
643    890
644    953
644    801
645    945
645    694
646    965
646    957
647    972
647    914
648    995
649    911
650    762
650    995
650    818
651    824
651    741
652    922
652    657
653    675
653    687
654    955
654    809
655    869
656    803
657    801
657    986
657    763
657    940
657    957
657    841
657    911
657    692
661    673
661    928
662    983
663    912
664    989
666    677
666    755
668    891
669    844
669    905
669    750
669    718
670    935
673    975
674    896
675    960
675    904
676    801
677    692
678    826
678    760
679    982
679    691
680    682
680    879
681    888
681    780
681    990
682    793
682    842
683    692
683    724
683    866
683    837
683    755
683    732
683    842
683    986
684    800
684    892
684    886
684    911
685    764
685    731
686    770
687    839
687    937
687    730
687    694
687    753
687    833
688    801
689    914
690    739
691    855
691    825
691    953
692    797
693    879
694    764
694    715
694    942
694    823
694    754
694    750
694    775
695    846
696    803
696    779
697    824
697    973
699    758
701    896
701    956
703    829
703    1000
704    843
704    783
705    835
705    979
705    802
707    972
708    784
709    794
710    990
710    757
712    903
713    938
713    831
713    918
714    764
715    774
715    857
715    804
715    739
716    829
716    831
716    828
717    724
717    907
717    858
719    896
719    953
720    886
720    913
722    822
722    749
722    938
722    903
723    913
723    801
723    791
723    754
724    932
724    957
724    897
725    896
725    845
726    899
728    926
728    990
729    838
731    769
732    914
732    806
733    986
734    972
734    941
735    777
737    837
737    769
738    897
738    986
738    802
740    990
742    965
742    942
742    755
743    917
743    800
744    789
744    876
745    831
745    938
746    763
747    962
749    896
749    770
749    764
750    990
750    848
750    938
750    858
750    820
750    893
750    950
750    900
750    925
750    928
750    953
750    755
751    783
754    925
755    766
756    823
759    986
760    953
760    785
760    913
761    956
761    769
761    979
764    904
764    913
764    938
764    914
764    816
765    957
765    834
766    990
768    960
769    895
769    903
770    802
771    969
771    794
771    998
773    977
773    891
775    960
776    960
776    986
778    875
779    821
779    799
780    890
781    898
781    850
784    983
785    813
787    903
787    920
788    833
790    812
790    903
790    935
790    803
790    937
792    812
794    799
797    919
797    994
797    990
798    802
798    847
799    989
800    864
800    836
800    955
801    880
801    813
801    888
801    869
801    901
801    802
801    895
801    885
802    915
802    903
803    945
803    861
807    905
807    852
808    889
808    986
809    887
810    912
811    873
811    905
812    986
817    938
817    932
819    892
819    864
822    905
823    1000
824    878
824    952
825    974
825    883
826    915
827    936
827    902
828    838
828    986
828    892
828    899
828    869
830    950
831    925
831    949
831    848
833    927
837    957
839    947
840    903
842    871
843    957
844    938
844    924
847    905
848    865
853    985
853    976
854    967
855    866
857    877
859    986
860    876
860    915
863    966
863    944
864    970
864    912
866    979
867    994
867    925
867    955
869    947
869    912
869    985
871    905
873    941
874    905
876    990
878    983
879    929
880    986
880    897
880    998
881    949
881    992
884    895
886    915
889    979
889    995
893    904
894    996
899    982
901    905
903    926
903    974
903    996
905    934
905    915
907    957
908    989
911    944
911    958
913    964
915    989
915    932
915    937
919    953
920    924
922    936
923    964
924    983
925    934
925    939
926    938
926    960
931    990
936    964
938    960
938    952
940    967
943    965
945    972
946    993
949    995
950    961
951    974
958    986
960    999
968    988
984    986
