1       229
1       620
1       805
2       97
2       559
2       375
2       477
3       194
3       202
3       372
4       136
4       627
4       920
5       475
5       638
5       490
6       497
6       527
6       210
6       242
7       568
7       115
7       108
8       268
8       893
8       720
8       173
9       804
9       259
9       985
10       342
10       156
10       119
11       871
11       75
11       411
12       850
12       826
12       240
13       206
13       806
13       186
13       79
14       968
14       805
14       643
15       789
15       668
15       912
16       950
16       552
16       806
17       509
17       372
17       934
18       901
18       733
18       476
19       977
19       418
19       445
20       633
20       291
20       236
21       324
21       923
21       231
21       68
21       979
21       361
21       241
21       85
21       625
21       790
21       630
21       273
22       811
22       1000
22       497
22       229
22       745
23       607
23       508
23       782
24       372
24       285
24       747
24       114
24       404
24       734
25       855
25       641
25       722
25       370
25       415
25       725
25       412
25       280
25       899
25       794
26       398
26       960
26       831
26       839
26       138
27       60
27       36
27       660
28       193
28       819
28       587
29       187
29       497
29       184
30       283
30       428
30       364
31       449
31       876
31       723
31       462
32       686
32       65
32       683
32       519
32       439
32       858
32       285
32       92
33       421
33       81
33       713
34       776
34       182
34       763
35       421
35       265
35       948
36       903
36       88
36       387
36       455
36       629
36       542
36       755
36       361
36       360
37       728
37       76
37       648
37       159
38       588
38       236
38       989
39       86
39       940
39       799
40       989
40       430
40       589
40       646
41       589
41       868
41       916
42       365
42       555
42       833
42       411
42       266
42       641
43       394
43       449
43       815
44       871
44       272
44       187
45       571
45       977
45       58
46       366
46       754
46       894
47       897
47       106
47       735
48       642
48       516
48       317
49       221
49       580
49       52
50       634
50       365
50       561
51       955
51       155
51       972
52       694
52       342
53       216
53       75
53       544
53       291
53       364
54       693
54       461
54       646
55       197
55       905
55       746
56       413
56       127
56       994
57       782
57       866
57       666
57       853
57       361
58       101
58       257
58       886
59       1000
59       98
59       168
60       496
60       913
60       439
61       745
61       448
61       257
61       618
62       175
62       103
62       157
63       613
63       472
63       225
64       796
64       814
64       679
65       566
65       361
66       909
66       867
66       651
67       603
67       309
67       379
68       569
68       742
68       395
69       261
69       981
69       294
69       389
70       567
70       215
70       881
70       92
70       75
70       236
70       492
70       912
70       242
71       74
71       933
71       263
72       301
72       826
72       379
72       657
73       912
73       384
73       364
73       715
73       509
74       748
74       616
74       609
74       184
74       597
74       633
74       85
74       623
74       384
76       474
76       211
76       947
77       150
77       883
77       312
78       175
78       323
78       205
79       143
79       301
79       163
79       244
80       692
80       865
80       898
81       697
81       595
82       135
82       837
82       939
83       908
83       899
83       724
84       643
84       466
84       787
85       558
85       890
85       158
85       804
85       128
85       604
85       512
85       461
85       926
85       765
85       659
85       273
85       179
85       790
85       416
85       770
85       789
85       554
85       482
85       167
85       970
85       89
85       515
85       468
85       195
85       575
85       398
85       404
85       418
86       457
86       870
87       776
87       474
87       682
88       118
88       162
88       540
89       761
89       931
89       245
90       215
90       680
90       481
91       223
91       790
91       971
92       267
92       931
92       261
92       581
92       98
92       413
92       546
92       739
92       998
92       169
92       773
92       372
92       765
93       750
93       947
93       987
94       872
94       990
94       296
95       897
95       278
95       786
96       557
96       736
96       293
96       417
96       703
96       587
97       755
97       919
98       114
99       663
99       706
99       498
100       483
100       447
100       708
101       953
101       129
101       496
101       438
101       698
102       197
102       338
102       720
102       574
103       245
103       860
103       186
104       779
104       449
104       869
104       158
105       911
105       271
105       648
106       751
106       162
107       719
107       344
107       193
107       286
107       794
108       801
108       403
109       145
109       976
109       782
109       593
110       999
110       444
110       676
111       529
111       182
111       386
111       533
111       276
111       251
111       620
112       678
112       823
112       954
113       930
113       828
113       693
114       329
114       689
114       763
114       433
114       324
114       375
114       259
115       282
115       648
116       483
116       966
116       710
117       856
117       801
117       292
118       619
118       192
118       643
118       976
119       960
119       293
120       993
120       732
120       975
121       352
121       424
121       552
122       795
122       243
122       843
123       510
123       565
123       805
124       725
124       218
124       327
124       448
125       587
125       416
125       674
126       974
126       648
126       884
127       441
127       419
127       204
128       641
128       582
128       957
128       264
128       699
128       486
129       945
129       136
130       499
130       587
130       447
131       348
131       648
131       706
132       644
132       471
132       748
132       223
133       929
133       249
133       354
134       183
134       827
134       699
134       136
134       594
134       256
135       981
135       689
137       728
137       184
137       335
138       835
138       408
139       670
139       577
139       183
140       506
140       489
140       558
141       536
141       482
141       639
142       988
142       480
142       904
143       665
143       264
144       435
144       386
144       602
145       361
145       806
146       757
146       194
146       880
147       245
147       261
147       182
148       315
148       384
148       775
149       900
149       177
149       675
150       455
150       227
150       848
150       304
151       580
151       488
151       280
152       334
152       210
152       987
152       901
153       866
153       199
153       985
153       186
153       630
154       652
154       779
154       378
155       180
155       477
155       267
156       421
156       512
156       778
157       964
157       599
157       648
157       624
158       361
159       492
159       498
160       587
160       304
160       209
161       186
161       962
161       357
162       524
162       995
162       306
162       870
163       293
163       653
164       830
164       450
164       473
165       435
165       835
165       646
166       922
166       235
166       333
167       186
167       701
168       751
168       704
169       631
169       483
169       312
170       846
170       673
170       322
171       172
171       585
171       344
172       863
172       776
172       204
173       186
173       940
173       559
173       727
173       762
173       939
173       386
173       650
173       824
174       613
174       594
174       463
175       206
175       941
175       565
175       857
175       449
175       949
175       253
175       573
175       616
175       528
175       203
175       713
175       364
176       484
176       617
176       598
177       396
177       597
178       308
178       376
178       642
179       207
179       565
179       535
179       798
180       539
180       345
180       196
181       758
181       540
181       241
182       311
182       640
182       896
182       345
182       729
182       954
182       809
182       953
182       607
182       319
182       735
182       944
182       372
182       918
182       998
182       782
182       239
182       656
182       382
182       737
182       772
182       541
183       742
183       454
183       530
183       323
184       316
184       810
184       230
184       249
184       388
184       895
184       362
184       990
184       789
185       725
185       521
185       445
186       882
186       980
186       707
186       897
186       230
186       368
186       921
187       322
188       979
188       830
188       584
188       359
189       837
189       313
189       483
189       380
190       813
190       383
190       431
190       979
191       289
191       344
191       361
191       755
191       919
191       630
192       330
192       366
193       205
194       741
195       756
195       414
196       374
196       921
197       659
197       810
197       422
198       944
198       775
198       648
199       228
199       729
199       491
199       756
199       877
200       238
200       483
200       754
200       289
200       774
200       776
200       480
200       417
200       586
200       536
201       256
201       818
201       914
202       919
202       371
202       517
203       385
203       648
203       469
204       214
204       685
205       342
206       890
206       616
207       574
207       630
207       565
208       602
208       745
208       964
209       788
209       720
209       537
210       252
211       782
211       372
211       630
211       454
211       797
211       898
211       619
212       562
212       999
212       235
213       784
213       252
213       373
214       648
214       825
215       752
216       742
216       372
216       467
216       946
216       511
216       592
216       565
217       524
217       506
217       335
217       303
218       234
218       594
219       243
219       317
219       269
219       610
219       853
220       245
220       305
220       897
221       898
221       910
222       554
222       443
222       897
222       950
222       948
223       854
223       648
223       687
223       772
223       318
224       714
224       464
224       945
224       647
224       401
225       539
225       807
226       373
226       883
226       417
227       619
227       771
227       423
228       956
228       351
229       317
229       769
229       249
229       850
229       408
229       900
229       306
229       762
229       391
229       379
229       803
229       265
229       961
229       725
230       763
230       449
230       845
230       383
230       431
230       522
230       868
231       393
231       436
232       939
232       869
232       741
233       474
233       595
233       348
234       494
234       608
235       337
235       872
236       809
236       561
237       733
237       334
237       514
238       614
238       769
238       935
238       451
239       734
239       784
239       506
240       451
240       952
240       453
241       758
241       672
241       738
241       910
241       300
241       533
242       785
243       749
243       715
243       981
243       475
244       349
244       323
244       777
244       468
245       756
246       309
246       656
246       247
247       688
247       636
248       793
248       846
248       679
249       726
249       707
249       389
249       953
250       808
250       666
250       582
251       591
251       585
251       854
251       519
251       589
251       1000
252       957
252       583
252       318
253       591
253       927
254       942
254       474
254       660
254       361
254       998
254       853
254       414
255       483
255       662
255       578
255       491
256       715
257       483
258       713
258       600
258       760
259       836
259       427
260       801
260       435
260       384
261       436
261       948
261       446
261       400
261       307
261       790
261       992
261       384
262       915
262       960
262       788
263       771
263       460
264       958
264       624
265       674
265       310
265       721
266       664
266       720
267       615
267       747
268       444
268       712
269       501
269       474
269       678
269       387
270       758
270       314
270       766
270       413
270       355
271       545
271       556
271       656
272       426
272       782
273       779
273       311
273       897
274       372
274       859
274       886
275       357
275       326
275       835
276       896
276       954
276       399
277       364
277       476
277       629
278       750
278       518
279       821
279       386
279       648
280       887
280       506
280       629
280       384
281       595
281       706
281       646
281       699
282       331
282       744
282       743
282       438
282       600
283       908
283       744
284       892
284       715
284       724
285       568
286       985
286       889
287       711
287       966
287       482
287       483
287       930
288       388
288       702
288       589
289       484
290       556
290       952
290       790
290       291
290       754
291       379
291       649
292       413
292       638
292       304
292       658
293       948
294       606
294       648
295       617
295       661
295       753
296       651
296       369
296       487
297       611
297       760
297       366
298       548
298       512
298       526
299       982
299       355
299       503
299       406
300       614
300       622
301       572
302       729
302       716
302       693
302       429
302       955
303       526
303       319
304       838
305       731
305       610
306       927
306       372
306       556
307       415
307       408
308       486
308       868
309       643
310       869
310       337
311       399
312       527
313       725
313       883
314       578
314       636
315       533
315       543
315       640
316       743
316       771
317       967
317       410
317       525
317       397
318       762
319       792
320       989
320       808
320       356
321       760
321       682
321       684
322       372
322       474
322       960
322       490
322       715
323       759
323       328
324       643
325       612
325       554
325       773
325       710
326       768
326       786
327       430
327       642
327       777
328       840
328       795
329       573
329       960
329       483
330       814
330       351
331       702
331       343
331       676
331       345
331       591
332       924
332       513
332       407
333       443
333       571
333       758
333       840
334       798
335       897
336       385
336       959
336       418
337       697
337       755
337       386
338       615
338       483
339       610
339       790
339       815
339       534
340       450
340       779
340       628
341       372
341       507
341       616
343       845
343       755
343       751
345       517
346       391
346       368
346       615
347       378
347       386
347       875
348       947
348       775
349       780
349       540
349       521
350       700
350       483
350       913
350       384
350       516
351       384
351       876
351       714
351       731
351       810
351       663
351       605
351       682
351       640
351       928
352       385
352       690
352       692
353       635
353       834
353       650
354       384
354       865
355       544
356       948
356       490
357       630
358       696
358       461
358       433
359       959
359       932
359       488
359       782
360       556
360       961
361       570
361       764
361       661
362       479
362       778
362       393
363       409
363       597
363       652
364       410
364       774
364       944
364       883
364       907
364       742
364       948
364       390
364       712
364       462
364       684
364       372
365       933
367       670
367       615
367       959
368       489
369       449
369       948
370       428
370       441
371       413
371       580
371       762
372       413
372       599
372       510
372       457
372       833
372       621
372       918
372       880
372       879
372       615
372       492
372       924
372       671
372       444
372       824
372       686
373       792
373       802
374       709
374       778
375       389
376       737
376       651
376       980
376       525
377       861
377       419
377       759
378       816
379       591
380       599
380       658
381       858
381       479
381       846
382       507
382       473
383       969
384       578
384       949
385       768
386       757
386       909
386       542
386       502
386       404
386       691
386       728
386       549
387       672
388       889
389       803
389       935
390       827
390       538
390       557
391       667
391       587
391       732
392       629
392       626
392       817
392       749
392       847
392       540
392       954
393       506
394       927
394       573
394       966
395       595
395       688
396       784
396       626
397       497
397       812
398       986
399       449
400       960
400       459
401       1000
401       944
402       472
402       907
402       456
403       955
403       431
404       713
404       531
405       582
405       752
405       477
406       747
406       432
407       913
407       960
409       771
409       910
410       508
411       964
411       811
412       784
412       743
413       548
414       777
414       798
414       844
415       832
416       445
416       988
417       855
419       502
420       520
420       939
420       689
421       930
422       801
422       598
423       914
423       923
424       798
424       984
424       878
424       709
424       504
425       483
425       553
425       790
426       499
426       732
426       959
427       608
427       743
428       883
429       841
429       658
430       769
431       951
431       756
432       970
432       695
433       830
433       917
434       496
434       463
434       449
435       649
435       949
436       665
436       512
436       967
436       597
437       452
437       960
437       899
438       771
438       966
439       804
440       807
440       630
440       581
440       483
440       589
440       642
440       560
441       873
441       449
442       668
442       758
442       810
443       715
445       752
445       477
446       661
446       683
446       547
446       951
447       586
448       863
449       920
449       507
449       797
449       937
449       742
449       787
450       531
451       902
452       902
452       976
452       687
453       579
453       498
453       886
454       548
455       705
456       936
456       829
457       992
458       734
458       859
458       948
458       465
459       954
459       809
459       727
460       461
460       715
460       565
461       647
462       984
462       630
462       464
462       902
462       637
463       901
464       483
465       579
465       850
465       515
465       782
465       767
465       914
466       757
466       770
466       472
467       621
467       478
467       690
468       640
468       973
468       943
469       615
469       561
470       873
470       670
470       854
471       842
471       802
472       588
473       996
474       550
474       716
474       929
474       800
474       677
474       838
474       796
475       691
476       554
477       706
477       804
477       625
477       709
478       809
478       843
479       599
479       483
479       546
480       933
481       896
481       658
483       762
483       717
483       605
483       685
483       569
483       502
483       694
483       818
483       649
483       752
483       766
483       630
483       891
484       602
485       715
485       978
485       989
486       867
487       575
487       890
487       960
488       616
489       972
491       648
492       604
493       749
493       518
493       870
493       681
494       979
494       628
495       791
495       854
495       617
497       780
497       645
497       911
499       971
500       822
500       645
500       873
501       587
501       765
502       938
502       784
503       601
503       778
503       662
503       526
504       654
504       786
505       616
505       730
505       990
506       807
506       530
506       944
506       844
508       887
508       931
509       589
509       905
510       654
511       860
511       592
513       879
513       777
514       976
514       750
515       997
516       822
517       871
518       768
518       666
519       874
520       700
520       964
520       871
521       699
521       551
522       887
522       893
523       849
523       862
523       686
523       906
524       541
525       561
525       531
525       741
526       550
527       916
527       983
528       581
528       782
529       597
529       942
530       800
530       626
530       711
531       844
531       852
531       621
532       616
532       968
532       976
534       762
534       726
535       691
535       966
535       891
536       965
537       701
537       895
538       881
538       723
539       942
540       732
540       667
540       782
540       655
541       990
542       835
543       791
543       847
544       856
544       802
544       740
545       676
545       819
546       740
547       984
547       864
548       836
549       771
549       589
549       957
550       978
550       773
551       820
551       778
552       828
552       715
553       633
553       939
554       784
554       902
555       722
555       746
556       824
557       770
558       698
559       590
559       739
560       824
560       960
561       989
561       779
561       598
562       635
562       661
563       715
563       946
563       706
564       607
564       815
564       781
565       720
566       609
566       779
567       982
567       755
568       742
568       993
569       662
569       862
569       855
569       680
570       582
570       775
570       780
571       673
572       933
572       904
572       600
573       920
574       629
575       894
575       746
576       889
576       991
576       694
576       784
577       678
577       904
578       585
578       735
578       648
579       627
579       625
579       862
579       630
583       937
583       608
583       926
584       637
584       704
584       782
585       858
586       703
586       648
586       821
588       814
589       832
589       905
589       933
589       958
589       789
589       726
589       838
590       671
590       684
591       647
591       965
591       762
592       634
592       716
593       743
593       795
594       645
594       763
594       943
595       639
596       940
596       856
596       763
597       758
597       903
597       875
597       924
597       954
598       837
599       994
600       937
601       678
601       622
602       999
602       817
602       873
603       907
603       926
604       796
605       954
606       621
606       778
606       768
606       974
607       881
607       857
609       623
611       805
611       953
612       809
612       897
612       963
613       671
614       745
616       973
617       801
618       802
618       757
619       851
620       737
622       874
623       790
623       888
623       644
623       750
624       849
627       799
628       936
629       657
629       991
630       729
631       783
631       733
632       766
632       872
632       773
633       821
634       853
634       651
635       774
635       779
636       764
636       980
637       962
638       928
639       827
640       875
641       704
642       939
643       681
643       867
644       692
645       779
648       834
648       818
648       896
649       794
650       928
651       721
651       997
652       816
653       700
653       799
654       712
655       935
655       789
657       925
659       742
659       969
660       897
661       715
662       740
662       699
662       960
663       948
664       904
664       742
664       758
665       677
667       819
668       834
669       963
669       986
669       966
670       725
672       1000
672       829
673       998
674       695
675       782
675       784
677       715
677       822
678       771
678       712
678       814
678       723
679       709
680       969
681       956
683       791
685       782
687       715
688       966
690       938
693       822
695       911
696       903
696       871
697       725
698       774
698       994
699       823
699       864
699       988
701       844
701       771
702       788
703       970
704       790
705       830
705       947
705       776
707       818
707       900
708       976
708       711
710       960
711       922
713       725
714       955
714       719
714       958
715       821
715       874
717       819
717       929
717       730
718       984
718       756
718       954
719       989
719       902
720       975
720       941
721       897
722       831
724       948
724       854
725       939
725       885
725       879
725       775
725       963
727       910
730       877
731       978
731       863
732       853
732       739
733       744
733       964
733       897
736       753
736       738
738       897
739       846
739       784
742       804
742       750
742       996
743       758
744       755
744       758
744       953
745       889
745       800
745       963
745       771
747       751
748       890
751       817
752       762
753       891
756       829
756       892
757       813
758       939
758       932
759       882
761       884
761       787
762       968
762       785
762       949
764       793
767       945
767       849
768       878
771       987
771       922
771       836
771       854
772       841
775       925
775       795
776       790
776       987
777       961
777       790
781       954
781       936
782       797
782       931
782       992
782       974
782       975
782       892
783       883
783       868
784       932
784       970
785       952
785       866
786       843
788       918
788       805
790       934
790       803
792       884
793       821
795       842
795       845
799       854
799       938
801       807
801       989
802       911
805       839
805       840
808       944
810       895
811       899
812       827
812       986
813       977
813       939
814       964
816       904
817       877
820       872
820       923
820       971
821       894
823       941
825       931
825       864
826       866
828       861
831       967
832       867
833       934
838       962
839       973
841       922
842       915
846       965
847       987
848       910
848       892
851       878
851       948
852       993
852       897
853       861
853       897
853       960
857       907
859       914
860       960
865       1000
866       949
868       953
876       960
877       916
878       925
880       949
882       896
885       945
885       950
888       891
888       961
892       951
893       995
893       983
895       943
904       921
906       982
906       954
906       908
909       943
910       996
911       997
915       997
917       960
917       972
933       939
946       961
954       983
956       960
957       995
957       991
965       973
